2.829066 1.474940 0.200
3.599100 -1.081900 0.350
3.606100 -1.113700 0.100
3.609100 -1.145800 0.100
3.608100 -1.178000 0.100
3.603400 -1.209900 0.250
3.595100 -1.241300 0.250
3.583200 -1.271700 0.250
3.568000 -1.301000 0.250
3.542800 -1.347200 0.250
3.522300 -1.394900 0.250
3.508000 -1.444600 0.250
3.501300 -1.496800 0.250
3.503700 -1.551900 0.250
3.516600 -1.610400 0.250
3.541500 -1.672800 0.250
3.593700 -1.753300 0.250
3.658100 -1.811400 0.250
3.731400 -1.849200 0.250
3.810200 -1.868800 0.250
3.891300 -1.872600 0.250
3.971300 -1.862700 0.250
4.046900 -1.841200 0.250
4.109100 -1.806900 0.250
4.164000 -1.754200 0.250
4.208800 -1.687100 0.250
4.240900 -1.609400 0.250
4.257400 -1.525100 0.250
4.255700 -1.438200 0.250
4.233000 -1.352700 0.250
4.206200 -1.299500 0.250
4.174000 -1.255800 0.250
4.137100 -1.220500 0.250
4.096000 -1.192500 0.250
4.051500 -1.170600 0.250
4.004100 -1.153800 0.250
3.954400 -1.141000 0.250
3.921600 -1.131200 0.250
3.890800 -1.117200 0.250
3.862600 -1.099200 0.250
3.837600 -1.077600 0.250
3.816200 -1.052600 0.250
3.798800 -1.024500 0.250
3.786000 -0.993600 0.250
3.050000 1.200000 0.330
3.008000 1.544000 0.150
3.160700 1.64300 0.100
3.732200 1.565300 0.150
3.880200 1.428400 0.100
3.842400 1.229700 0.200
3.826600 1.043100 0.200
3.834000 0.837300 0.200
3.865700 0.621100 0.400
3.923000 0.403300 0.400
4.006800 0.192700 0.400
4.118400 -0.002000 0.500
4.564900 -0.637700 0.500
4.917100 -1.112800 0.300
5.184800 -1.456100 0.200
5.615000 -2.00500 0.150
5.548500 -2.162700 0.150
5.347500 -2.254100 0.200
5.051200 -2.385700 0.200
4.670700 -2.526300 0.400
4.227600 -2.634900 0.400
3.743200 -2.740100 0.400
3.238800 -2.841000 0.300
3.187600 -2.847300 0.200
2.967900 -2.736600 0.200
2.758300 -2.236200 0.500
2.563300 -1.723400 0.500
2.381500 -1.202100 0.500
2.211900 -0.676100 0.500
2.053300 -0.149200 0.500
1.904600 0.374600 0.330
1.764600 0.891500 0.300
1.866500 1.181200 0.300
1.978900 1.300900 0.300
2.137000 1.419800 0.300
2.344700 1.530700 0.300
2.605800 1.626200 0.300
