-3.7887 -2.5645 0.200
-2.2050 -2.8399 0.200
-2.1454 -3.1438 0.200
-2.2046 -3.4398 0.200
-2.2542 -3.7202 0.200
-2.2891 -3.9772 0.200
-2.2891 -3.9772 0.100
-2.3046 -4.2030 0.100
-2.2958 -4.3899 0.100
-2.2577 -4.5299 0.200
-2.1992 -4.5941 0.200
-2.0947 -4.6468 0.200
-1.9504 -4.6887 0.200
-1.7726 -4.7206 0.200
-1.5678 -4.7432 0.200
-1.3422 -4.7574 0.200
-1.1021 -4.7639 0.200
-0.8224 -4.7193 0.100
-0.4263 -4.5858 0.100
-0.1999 -4.3780 0.200
-0.0293 -4.1108 0.200
0.0994 -3.7991 0.200
0.2003 -3.4578 0.200
0.2873 -3.1016 0.200
0.5990 -3.1064 0.200
0.9117 -3.1101 0.200
1.2263 -3.1119 0.200
1.5438 -3.1107 0.200
1.8650 -3.1055 0.200
2.1910 -3.0953 0.200
2.5226 -3.0791 0.200
3.2242 -3.0146 0.200
3.8721 -2.9177 0.200
4.4533 -2.7960 0.200
4.9547 -2.6566 0.200
5.3634 -2.5070 0.200
5.6663 -2.3545 0.200
5.8505 -2.2065 0.200
5.8724 -2.1101 0.200
5.8244 -1.9777 0.200
5.7243 -1.8207 0.200
5.5899 -1.6503 0.200
5.4388 -1.4779 0.200
5.2889 -1.3147 0.200
5.1578 -1.1721 0.200
5.1048 -1.0345 0.200
5.1556 -0.8694 0.200
5.2779 -0.6621 0.200
5.4394 -0.3982 0.200
5.6079 -0.0632 0.200
5.7511 0.3574 0.200
5.8367 0.8780 0.200
5.8378 1.2626 0.200
5.7808 1.5891 0.200
5.6749 1.8661 0.200
5.5295 2.1020 0.200
5.3540 2.3055 0.200
5.1576 2.4851 0.200
4.9499 2.6494 0.200
4.8922 2.7604 0.200
4.9229 2.9130 0.200
5.0126 3.0904 0.200
5.1322 3.2757 0.200
5.2525 3.4520 0.200
5.3443 3.6025 0.200
5.3782 3.7102 0.200
5.2526 3.9057 0.200
4.9379 4.1810 0.200
4.5027 4.4964 0.200
4.0156 4.8122 0.200
3.5453 5.0887 0.200
3.1603 5.2862 0.200
2.9294 5.3650 0.200
2.7738 5.3587 0.200
2.5992 5.3098 0.200
2.4140 5.2341 0.200
2.2264 5.1475 0.200
2.0448 5.0657 0.200
1.8775 5.0045 0.200
1.7327 4.9797 0.200
1.6130 4.9973 0.200
1.4564 5.0443 0.200
1.2772 5.1094 0.200
1.0896 5.1813 0.200
0.9078 5.2485 0.200
0.7460 5.2998 0.200
0.6185 5.3238 0.200
0.5165 5.3025 0.300
0.3997 5.2321 0.200
0.2703 5.1194 0.200
0.1303 4.9716 0.200
-0.0181 4.7958 0.200
-0.1727 4.5991 0.300
-0.3315 4.3886 0.200
-0.3720 4.3433 0.200
-0.4184 4.3072 0.200
-0.4689 4.2809 0.200
-0.5221 4.2652 0.200
-0.5762 4.2606 0.200
-0.6296 4.2678 0.200
-0.6806 4.2876 0.200
-1.3195 4.6243 0.200
-1.9496 4.9439 0.200
-2.5639 5.2335 0.200
-3.1558 5.4800 0.200
-3.7183 5.6704 0.200
-4.2448 5.7916 0.200
-4.7284 5.8306 0.200
-5.0802 5.7999 0.200
-5.3680 5.7189 0.200
-5.5911 5.5886 0.200
-5.7491 5.4100 0.200
-5.8415 5.1839 0.200
-5.8680 4.9112 0.200
-5.8281 4.5928 0.200
-5.7608 4.3512 0.200
-5.6755 4.1533 0.200
-5.5751 3.9917 0.200
-5.4627 3.8591 0.200
-5.3412 3.7484 0.200
-5.2137 3.6522 0.200
-5.0831 3.5632 0.200
-5.6966 1.5668 0.200
-5.7548 1.3419 0.200
-5.7913 1.1003 0.200
-5.7982 0.8592 0.200
-5.7677 0.6359 0.200
-5.6918 0.4476 0.200
-5.5626 0.3114 0.200
-5.3723 0.2446 0.200
-5.1488 0.2419 0.200
-4.9495 0.2850 0.200
-4.7733 0.3671 0.200
-4.6193 0.4812 0.200
-4.4864 0.6205 0.200
-4.3736 0.7782 0.200
-4.2799 0.9475 0.200
-3.2930 2.9711 0.200
-1.7783 2.4478 0.200
-1.9644 2.1419 0.200
-2.1504 1.8327 0.200
-2.3360 1.5173 0.200
-2.5210 1.1925 0.200
-2.7053 0.8551 0.200
-2.8887 0.5019 0.200
-3.0710 0.1299 0.200
-3.2285 -0.2210 0.200
-3.3679 -0.5686 0.200
-3.4922 -0.9134 0.200
-3.6044 -1.2558 0.200
-3.7076 -1.5966 0.200
-3.8048 -1.9363 0.200
-3.8989 -2.2754 0.200
-4.2905 -2.1958 0.200
-4.6670 -2.1441 0.200
-5.0136 -2.1482 0.200
-5.3151 -2.2360 0.200
-5.5565 -2.4354 0.200
-5.7229 -2.7743 0.200
-5.7992 -3.2806 0.200
-5.8157 -3.7404 0.200
-5.8217 -4.1075 0.200
-5.8188 -4.3958 0.200
-5.8087 -4.6193 0.200
-5.7930 -4.7917 0.200
-5.7735 -4.9270 0.200
-5.7517 -5.0391 0.200
-5.7180 -5.1718 0.200
-5.6663 -5.3179 0.200
-5.5930 -5.4644 0.200
-5.4947 -5.5988 0.200
-5.3678 -5.7081 0.200
-5.2088 -5.7796 0.200
-5.0143 -5.8006 0.200
-4.8090 -5.7662 0.200
-4.6452 -5.6891 0.200
-4.5181 -5.5808 0.200
-4.4229 -5.4528 0.200
-4.3547 -5.3168 0.200
-4.3087 -5.1842 0.200
-4.2799 -5.0667 0.200
-3.7887 -2.5645 0.200
