-1.409100 0.524000 0.100
-1.373900 0.588400 0.100
-1.119200 1.001600 0.200
-1.074200 1.061400 0.200
-1.021800 1.112100 0.200
-0.963300 1.152700 0.250
-0.833900 1.199300 0.200
-0.765900 1.203300 0.250
-0.697500 1.193000 0.250
-0.312700 1.077200 0.200
0.051000 0.919800 0.330
0.377700 0.699000 0.200
0.651200 0.393100 0.330
0.855500 -0.019700 0.330
0.974700 -0.561100 0.330
0.992600 -1.252900 0.330
0.974700 -1.334400 0.330
0.881000 -1.431300 0.220
0.819900 -1.454400 0.220
0.759000 -1.465900 0.220
0.705600 -1.469600 0.220
0.667100 -1.469500 0.220
0.521800 -1.458900 0.220
0.348200 -1.429200 0.220
0.158700 -1.374200 0.330
-0.034500 -1.287700 0.330
-0.219000 -1.163300 0.200
-0.382600 -0.994800 0.330
-0.513000 -0.775900 0.330
-0.655200 -0.499900 0.200
-0.783800 -0.280700 0.330
-0.902600 -0.110000 0.330
-1.015400 0.020000 0.200
-1.126100 0.117500 0.330
-1.238600 0.190300 0.200
-1.356700 0.246700 0.200
-1.399200 0.268700 0.200
-1.437300 0.463100 0.200
