-1.1930 2.3040 0.200
-0.8774 2.2117 0.200
-0.5692 2.1166 0.200
-0.2718 2.0205 0.200
0.0115 1.9248 0.200
0.2774 1.8312 0.200
0.5227 1.7413 0.200
0.7440 1.6566 0.200
0.9167 1.5842 0.200
1.0745 1.5050 0.200
1.2159 1.4152 0.200
1.3394 1.3110 0.200
1.4436 1.1886 0.200
1.5270 1.0441 0.200
1.5882 0.8738 0.200
2.1946 -1.1049 0.200
2.2046 -1.1614 0.200
2.2021 -1.2158 0.200
2.1882 -1.2661 0.200
2.1642 -1.3104 0.200
2.1314 -1.3468 0.200
2.0908 -1.3733 0.200
2.0439 -1.3881 0.200
1.4636 -1.4302 0.200
1.4057 -1.4331 0.200
1.3506 -1.4229 0.200
1.3007 -1.4003 0.200
1.2582 -1.3659 0.200
1.2255 -1.3203 0.200
1.2050 -1.2642 0.200
1.1990 -1.1982 0.200
1.1933 -0.8316 0.200
1.1557 -0.4814 0.200
1.0866 -0.1523 0.200
0.9866 0.1506 0.200
0.8565 0.4225 0.200
0.6968 0.6583 0.200
0.5081 0.8531 0.200
0.3248 0.9900 0.200
0.1051 1.1212 0.200
-0.1371 1.2370 0.200
-0.3877 1.3276 0.200
-0.6329 1.3835 0.200
-0.8586 1.3949 0.200
-1.0508 1.3520 0.200
-1.1436 1.2894 0.200
-1.2293 1.1912 0.200
-1.3099 1.0670 0.200
-1.3873 0.9267 0.200
-1.4634 0.7798 0.200
-1.5401 0.6362 0.200
-1.6194 0.5056 0.200
-1.6532 0.4635 0.200
-1.6928 0.4283 0.200
-1.7373 0.4004 0.200
-1.7857 0.3802 0.200
-1.8368 0.3682 0.200
-1.8898 0.3648 0.200
-1.9434 0.3705 0.200
-2.3575 0.4497 0.200
-2.4112 0.4681 0.200
-2.4558 0.4994 0.200
-2.4901 0.5410 0.200
-2.5126 0.5900 0.200
-2.5220 0.6438 0.200
-2.5169 0.6997 0.200
-2.4959 0.7549 0.200
-1.7204 2.1606 0.200
-1.6698 2.2295 0.200
-1.6084 2.2800 0.200
-1.5376 2.3134 0.200
-1.4591 2.3312 0.200
-1.3744 2.3346 0.200
-1.2852 2.3251 0.200
