2.1064 -1.5703 0.200
1.8308 -1.6109 0.200
1.5555 -1.6450 0.200
1.2806 -1.6689 0.200
1.0063 -1.6786 0.200
0.7327 -1.6705 0.200
0.4600 -1.6407 0.200
0.1884 -1.5854 0.200
-0.0629 -1.4877 0.200
-0.2787 -1.3395 0.200
-0.4668 -1.1488 0.200
-0.6348 -0.9241 0.200
-0.7906 -0.6737 0.200
-0.9418 -0.4057 0.200
-1.0963 -0.1287 0.200
-1.1814 -0.0406 0.200
-1.3162 0.0342 0.200
-1.4935 0.0976 0.200
-1.7061 0.1515 0.200
-1.9468 0.1980 0.200
-2.2084 0.2388 0.200
-2.4836 0.2759 0.200
-2.5437 0.2795 0.200
-2.6020 0.2746 0.200
-2.6571 0.2616 0.200
-2.7073 0.2404 0.200
-2.7512 0.2113 0.200
-2.7874 0.1743 0.200
-2.8142 0.1297 0.200
-3.1652 -0.6524 0.200
-3.1842 -0.7101 0.200
-3.1908 -0.7696 0.200
-3.1841 -0.8270 0.200
-3.1630 -0.8782 0.200
-3.1265 -0.9194 0.200
-3.0737 -0.9466 0.200
-3.0035 -0.9558 0.200
-2.7914 -0.9590 0.200
-2.5831 -0.9727 0.200
-2.3851 -0.9937 0.200
-2.2038 -1.0192 0.200
-2.0456 -1.0461 0.200
-1.9169 -1.0716 0.200
-1.8241 -1.0927 0.200
-1.7889 -1.1135 0.200
-1.7475 -1.1573 0.200
-1.7049 -1.2184 0.200
-1.6657 -1.2908 0.200
-1.6349 -1.3689 0.200
-1.6173 -1.4470 0.200
-1.6177 -1.5193 0.200
-1.7916 -2.3931 0.200
-1.7944 -2.4562 0.200
-1.7824 -2.5147 0.200
-1.7570 -2.5673 0.200
-1.7197 -2.6125 0.200
-1.6719 -2.6490 0.200
-1.6148 -2.6753 0.200
-1.5499 -2.6899 0.200
-0.9636 -2.7562 0.200
-0.4035 -2.8078 0.200
0.1448 -2.8452 0.200
0.6959 -2.8688 0.200
1.2644 -2.8790 0.200
1.8647 -2.8762 0.200
2.5115 -2.8608 0.200
2.5728 -2.8519 0.200
2.6236 -2.8307 0.200
2.6632 -2.7991 0.200
2.6908 -2.7592 0.200
2.7057 -2.7130 0.200
2.7073 -2.6624 0.200
2.6949 -2.6093 0.200
2.3682 -1.7226 0.200
2.3473 -1.6798 0.200
2.3189 -1.6429 0.200
2.2843 -1.6125 0.200
2.2445 -1.5894 0.200
2.2008 -1.5742 0.200
2.1544 -1.5676 0.200
