4.3309 3.0025 0.100
3.0692 3.8471 0.400
3.0127 3.8743 0.200
2.9554 3.8894 0.200
2.8970 3.8939 0.200
2.8372 3.8893 0.200
2.7758 3.8772 0.200
2.7124 3.8592 0.200
2.6468 3.8367 0.500
2.2637 3.6829 0.500
1.8992 3.5057 0.500
1.5539 3.3067 0.500
1.2286 3.0877 0.500
0.9238 2.8505 0.400
0.6403 2.5967 0.300
0.3787 2.3281 0.200
0.24504 2.1474 0.100
0.3183 2.0243 0.200
0.5927 1.9386 0.100
0.7380 1.8522 0.400
0.8814 1.7869 0.400
1.0232 1.7140 0.400
1.1637 1.6352 0.400
1.3031 1.5518 0.400
1.4419 1.4654 0.200
1.4807 1.4393 0.200
1.5199 1.4125 0.100
1.5601 1.3888 0.100
1.6021 1.3720 0.100
2.0635 1.5986 0.200
2.3583 1.7358 0.400
2.6368 1.8187 0.400
2.9061 1.8532 0.400
3.1732 1.8456 0.400
3.4450 1.8020 0.200
3.7286 1.7285 0.200
3.7812 1.7194 0.200
3.8293 1.7236 0.100
3.8732 1.7391 0.100
3.9132 1.7641 0.100
3.9496 1.7966 0.200
3.9827 1.8348 0.200
4.0127 1.8767 0.200
4.4287 2.5705 0.200
4.4580 2.6357 0.200
4.4719 2.7038 0.300
4.4711 2.7722 0.300
4.4560 2.8387 0.300
4.4273 2.9009 0.300
4.3854 2.9562 0.300
