1.7094 4.7329 0.200
1.6410 4.7374 0.200
1.5534 4.7612 0.200
1.4515 4.7999 0.200
1.3404 4.8491 0.200
1.2250 4.9042 0.200
1.1103 4.9608 0.200
1.0013 5.0145 0.200
0.9320 5.0440 0.200
0.8490 5.0707 0.200
0.7579 5.0899 0.200
0.6644 5.0969 0.200
0.5744 5.0872 0.200
0.4934 5.0559 0.200
0.4271 4.9985 0.200
-1.2877 2.7789 0.200
-1.3076 2.7445 0.200
-1.3206 2.7010 0.200
-1.3246 2.6525 0.200
-1.3174 2.6034 0.200
-1.2966 2.5577 0.200
-1.2601 2.5198 0.200
-1.2057 2.4937 0.200
-0.9833 2.4288 0.200
-0.8130 2.3787 0.200
-0.6805 2.3390 0.200
-0.5716 2.3052 0.200
-0.4720 2.2726 0.200
-0.3675 2.2370 0.200
-0.2439 2.1936 0.200
-0.1867 2.1785 0.200
-0.1264 2.1718 0.200
-0.0656 2.1741 0.200
-0.0066 2.1856 0.200
0.0480 2.2066 0.200
0.0957 2.2376 0.200
0.1340 2.2789 0.200
0.4279 2.6393 0.200
0.7662 2.9635 0.200
1.1337 3.2510 0.200
1.5156 3.5014 0.200
1.8966 3.7144 0.200
2.2619 3.8895 0.200
2.5962 4.0263 0.200
2.6666 4.0512 0.200
2.7290 4.0699 0.200
2.7844 4.0823 0.200
2.8340 4.0885 0.200
2.8788 4.0886 0.200
2.9202 4.0825 0.200
2.9591 4.0703 0.200
3.1150 3.9963 0.200
3.3202 3.8817 0.200
3.5588 3.7367 0.200
3.8149 3.5712 0.200
4.0726 3.3953 0.200
4.3159 3.2191 0.200
4.5290 3.0526 0.200
4.5647 3.0310 0.200
4.6033 3.0210 0.200
4.6432 3.0215 0.200
4.6828 3.0315 0.200
4.7204 3.0498 0.200
4.7546 3.0755 0.200
4.7836 3.1075 0.200
4.8342 3.1760 0.200
4.8826 3.2436 0.200
4.9291 3.3104 0.200
4.9738 3.3764 0.200
5.0169 3.4419 0.200
5.0586 3.5068 0.200
5.0990 3.5713 0.200
5.1189 3.6161 0.200
5.1263 3.6642 0.200
5.1220 3.7139 0.200
5.1067 3.7635 0.200
5.0809 3.8113 0.200
5.0455 3.8556 0.200
5.0010 3.8947 0.200
4.6465 4.1499 0.200
4.2953 4.3904 0.200
3.9563 4.6095 0.200
3.6384 4.8007 0.200
3.3507 4.9572 0.200
3.1019 5.0726 0.200
2.9010 5.1401 0.200
2.7591 5.1389 0.200
2.5774 5.0912 0.200
2.3742 5.0134 0.200
2.1675 4.9222 0.200
1.9757 4.8340 0.200
1.8170 4.7654 0.200
